sent=4576	drop=13	pktlossrate=0.284091%
avethr=88.276040kbps
sum of nodes=19

